Sum:
Atomic
Sum: 49999995000000
Time: 0.232915
Reduction
Sum: 49999995000000
Time: 0.0214206
Sequential
Sum: 49999995000000
Time: 0.0462685
