A = 
-21 -17 -45 36 7 -7 -12 10 -34 1 -33 2 12 -19 -43 
24 -1 40 -3 48 28 39 2 -30 15 -6 -7 -21 36 -24 
39 -22 22 40 41 39 10 0 7 -4 -43 -15 -33 37 6 
45 29 -37 -11 -49 6 14 49 43 1 -42 10 -9 23 29 
23 -45 45 -15 38 -22 9 41 -11 -5 4 30 13 7 -36 
-20 -43 -46 38 -50 -8 1 4 40 7 -2 4 8 -36 -33 
33 -3 -34 8 7 -40 4 -19 19 50 -29 19 -10 -27 -43 
-36 38 -4 30 -11 -21 -49 27 40 -31 -48 18 -2 14 45 
-5 11 -14 -49 27 2 5 4 -33 -8 14 -40 33 -45 12 
-33 24 21 33 42 28 48 -22 -20 11 -35 0 6 -35 -6 
43 -34 -13 -41 -25 -4 27 19 11 -1 -13 -3 -29 35 47 
-3 -28 4 -34 -4 47 28 -50 -41 27 34 39 17 15 30 
-37 33 -29 11 -18 -38 14 17 18 43 -50 -26 22 -18 26 
-20 -47 6 31 -22 6 -10 12 1 -1 -44 35 -46 4 -26 
-37 0 -18 -43 40 42 25 -19 21 49 7 -15 -50 13 -8 
B = 
3 3 -42 -39 21 -32 -4 -11 1 -41 -45 32 8 40 46 
-14 23 -30 -9 -47 -44 -35 -36 18 21 -2 12 21 -24 43 
50 -47 34 35 37 19 -7 -39 21 -29 6 -34 -20 -48 -37 
-40 39 -33 -48 -21 6 -35 31 -29 -46 -26 -7 27 44 46 
-11 2 36 -17 -14 -41 9 -27 0 6 3 31 -30 -15 -48 
37 -48 -49 -11 -9 -21 17 -43 43 -16 -39 -23 33 -36 45 
-36 41 2 20 9 15 11 -43 -29 42 -37 -9 -24 -30 -43 
40 12 -47 -46 -14 -1 33 49 -39 5 -43 22 24 -12 21 
-42 -18 23 -35 -10 22 -31 -19 -7 -47 -39 -19 -26 -4 16 
23 -6 27 22 -24 -41 -17 2 -38 23 -25 42 -18 -23 -6 
-23 -17 38 -30 17 20 -7 21 49 -28 -20 37 19 -47 46 
5 -21 10 -21 -42 42 23 -38 12 9 -36 47 27 -32 -23 
43 -49 -48 -46 23 -22 6 15 26 -6 26 40 8 -48 -39 
5 29 -26 34 -38 -44 -30 -44 46 -7 -1 -20 6 -14 46 
4 -34 -44 30 -49 -5 49 -48 -2 -31 -46 -9 -11 -29 38 
C = A * B = 
-550 4491 -1404 -3401 430 -127 -275 7791 -4528 3810 4279 1916 2182 6236 -3391 
2279 2015 1366 3358 950 -4646 -659 -5967 1348 1939 -1548 -741 -1595 -2509 -2358 
-125 2187 -3338 829 -1542 -4076 -1005 -5354 -1020 -4096 -4331 -4471 -1133 3930 2951 
-387 2734 -9910 -2357 -5574 -1915 732 -2189 -3461 -952 -7838 -522 2003 2635 8260 
4488 -1353 3788 -2222 4586 1896 2305 1447 -658 209 -28 3537 -1360 -2027 -7777 
-4321 1842 795 -5345 2225 6409 -1608 8935 -5369 -1007 -402 -160 1306 5794 -46 
-3963 4431 4346 -2401 194 -681 -3425 3257 -6704 2779 9 4889 -2186 6453 -3945 
-887 303 -5297 -1424 -7807 864 -502 -576 -1577 -3211 -431 -3350 1526 2055 4399 
2770 -2890 -68 104 3803 -2566 4189 2176 610 3816 4037 2666 -1570 -2987 -4647 
-782 981 954 1518 -734 -1124 116 -4192 -2882 4008 581 -1430 -1744 -2418 -7095 
425 766 -3302 4257 -1237 -118 3952 -3997 -1299 -802 -5601 -1967 -1926 1062 3549 
3400 -6122 1125 5370 -247 -28 4168 -7516 6189 1943 -1745 2227 364 -8207 -1985 
-1282 3336 -2659 1343 -4204 -2305 -873 2598 -7904 4215 871 83 -2480 1181 -2165 
22 2443 1683 1481 -784 5241 217 2100 -4224 176 -620 -3821 999 5547 -1546 
-1945 542 7022 6059 -2876 -3013 -459 -5638 122 4806 -1540 -1615 -3901 -3752 -1565 
Time of multiplication: 0.000627079
